000239
000321
000324
000332
000334
000342
000354
000356
000357
000360
000364
000370
000375
000381
000382
000385
000388
000393
000399
000400
000403
000405
000406
000423
000425
000427
000431
000432
000435
000441
000443
000445
000446
000458
000462
000468
000471
000473
000478
000480
000481
000483
000485
000489
000501
000505
000520
000521
000527
000529
000530
000533
000536
000537
000541
000543
000547
000550
000552
000553
000555
000562
000564
000565
000566
000569
000573
000583
000586
000588
000589
000590
000595
000596
000598
000606
000613
000618
000622
000629
000640
000641
000642
000645
000647
000651
000655
000656
000668
000676
000681
000687
000688
000689
000690
000692
000693
000695
000696
000697
000699
000704
000707
000724
000740
000750
000759
000762
000764
000765
000842
001201
001288
001333
001487
001509
001529
001549
001661
001746
001787
001884
002233
002335
002412
002499
002605
002616
002660
002697
002868
003082
003116
003143
003215
003262
003553
003555
003579
003644
003730
