000000
000001
000002
000003
000005
000008
000009
000010
000013
000014
000015
000017
000019
000020
000021
000022
000023
000026
000027
000028
000029
000034
000035
000036
000038
000039
000042
000046
000047
000048
000052
000053
000054
000056
000057
000062
000063
000064
000065
000066
000067
000068
000070
000072
000073
000074
000075
000076
000078
000079
000081
000082
000083
000085
000087
000088
000092
000093
000096
000097
000098
000099
000100
000101
000102
000106
000111
000112
000116
000117
000119
000120
000125
000126
000128
000130
000131
000133
000134
000135
000136
000137
000139
000141
000142
000143
000147
000150
000154
000159
000160
000162
000164
000165
000166
000167
000168
000169
000170
000173
000175
000178
000180
000183
000185
000186
000187
000189
000193
000196
000197
000198
000201
000202
000204
000205
000208
000209
000210
000211
000212
000216
000217
000219
000222
000224
000225
000227
000228
000231
000235
000236
000237
000238
000240
000243
000245
000246
000247
000249
000250
000253
000254
000262
000263
000265
000266
000269
000272
000273
000274
000276
000278
000279
000280
000281
000284
000287
000288
000289
000290
000292
000294
000295
000296
000298
000300
000301
000302
000303
000306
000307
000308
000313
000314
000315
000317
000318
000321
000322
000325
000326
000328
000329
000332
000333
000336
000337
000338
000339
000340
000341
000342
000344
000346
000351
000352
000353
000355
000362
000363
000365
000367
000369
000371
000372
000373
000374
000375
000377
000379
000383
000386
000387
000390
000392
000394
000396
000397
000398
000401
000404
000409
000410
000412
000413
000415
000416
000417
000418
000420
000427
000428
000432
000433
000434
000436
000437
000438
000439
000440
000442
000443
000445
000447
000448
000449
000450
000452
000455
000456
000457
000459
000461
000463
000464
000466
000469
000472
000474
000475
000476
000477
000479
000480
000484
000486
000488
000491
000492
000493
000494
000497
000498
000500
000506
000510
000512
000514
000515
000516
000518
000519
000522
000523
000524
000528
000529
000531
000532
000534
000535
000538
000540
000551
000556
000557
000558
000559
000560
000567
000568
000573
000574
000578
000581
000582
000583
000584
000585
000589
000593
000594
000595
000596
000597
000604
000605
000607
000608
000609
000615
000616
000617
000618
000620
000625
000626
000627
000628
000630
000635
000638
000639
000644
000647
000649
000651
000654
000655
000661
000663
000667
000669
000671
000677
000678
000679
000680
000681
000683
000685
000698
000700
000703
000705
000706
000708
000709
000710
000715
000716
000717
000720
000721
000722
000723
000725
000727
000728
000730
000731
000732
000733
000734
000735
000736
000739
000741
000742
000743
000744
000745
000746
000747
000749
000752
000753
000755
000756
000757
000759
000766
000767
000768
000769
000770
000774
000779
000780
000781
000782
000784
000785
000787
000788
000790
000791
000793
000796
000797
000799
000800
000801
000802
000803
000804
000806
000814
000816
000817
000818
000820
000822
000828
000830
000831
000833
000834
000838
000840
000844
000845
000847
000849
000852
000853
000854
000855
000856
000857
000861
000865
000867
000868
000870
000872
000875
000879
000880
000881
000883
000886
000889
000891
000897
000899
000900
000903
000905
000906
000907
000910
000911
000912
000914
000916
000918
000920
000921
000923
000927
000928
000929
000931
000934
000943
000944
000945
000946
000951
000953
000955
000958
000964
000965
000967
000968
000970
000975
000976
000977
000979
000983
000985
000992
000993
000994
000995
000998
001001
001005
001006
001011
001012
001015
001017
001022
001024
001025
001026
001027
001031
001035
001036
001037
001038
001039
001040
001041
001043
001047
001049
001050
001051
001053
001054
001057
001059
001061
001063
001067
001068
001070
001072
001074
001077
001082
001084
001085
001086
001088
001093
001094
001095
001098
001099
001102
001103
001105
001106
001107
001110
001114
001116
001117
001119
001120
001122
001125
001128
001129
001130
001132
001133
001135
001138
001140
001145
001147
001148
001151
001154
001157
001159
001160
001161
001162
001164
001165
001168
001169
001172
001174
001175
001177
001179
001180
001183
001184
001185
001186
001187
001188
001189
001190
001195
001196
001199
001201
001202
001203
001207
001209
001210
001212
001213
001214
001221
001222
001223
001230
001231
001232
001236
001237
001238
001245
001249
001250
001251
001252
001253
001255
001258
001259
001260
001261
001262
001263
001264
001265
001266
001267
001269
001270
001273
001276
001277
001278
001280
001282
001285
001286
001289
001291
001292
001293
001294
001296
001297
001299
001300
001303
001304
001306
001307
001308
001311
001312
001316
001318
001319
001322
001326
001327
001330
001331
001335
001336
001338
001343
001346
001347
001348
001349
001350
001353
001355
001358
001359
001360
001361
001364
001365
001366
001367
001368
001369
001370
001371
001373
001374
001375
001376
001377
001379
001381
001382
001385
001387
001391
001394
001395
001397
001400
001406
001408
001410
001411
001419
001420
001426
001431
001432
001437
001439
001443
001445
001446
001447
001451
001453
001455
001457
001458
001459
001460
001463
001465
001466
001467
001470
001471
001472
001473
001475
001477
001478
001480
001482
001484
001486
001488
001489
001491
001492
001493
001496
001497
001498
001500
001501
001503
001504
001506
001510
001514
001515
001519
001521
001524
001525
001526
001528
001530
001532
001537
001538
001539
001541
001548
001550
001554
001558
001560
001561
001565
001571
001574
001576
001577
001579
001580
001581
001583
001585
001587
001588
001592
001594
001595
001596
001598
001599
001605
001607
001614
001615
001616
001618
001620
001624
001625
001626
001627
001629
001631
001633
001634
001637
001638
001643
001645
001646
001647
001649
001651
001652
001653
001656
001657
001659
001663
001664
001668
001669
001671
001674
001675
001676
001682
001684
001685
001686
001687
001688
001691
001693
001696
001699
001701
001703
001704
001705
001707
001709
001711
001713
001714
001715
001718
001719
001721
001724
001725
001726
001727
001732
001733
001734
001748
001749
001751
001752
001754
001755
001758
001759
001761
001765
001766
001768
001770
001771
001773
001775
001779
001781
001783
001785
001790
001791
001792
001794
001795
001796
001797
001800
001801
001802
001803
001804
001807
001808
001810
001812
001813
001815
001816
001818
001819
001821
001823
001827
001828
001829
001834
001835
001840
001843
001844
001850
001856
001860
001861
001863
001865
001866
001867
001871
001873
001876
001877
001880
001881
001882
001886
001891
001894
001895
001897
001898
001899
001902
001903
001904
001905
001906
001910
001911
001912
001913
001915
001921
001924
001926
001927
001930
001932
001933
001934
001938
001942
001943
001946
001947
001949
001950
001956
001958
001960
001962
001963
001964
001966
001967
001973
001976
001977
001981
001983
001986
001987
001988
001989
001990
001993
001994
001996
001998
001999
002000
002001
002002
002007
002008
002009
002010
002011
002015
002016
002017
002021
002022
002024
002033
002034
002035
002036
002038
002039
002040
002042
002044
002052
002053
002059
002060
002065
002066
002069
002072
002075
002076
002077
002079
002084
002085
002087
002090
002092
002095
002096
002097
002098
002100
002101
002109
002113
002116
002118
002119
002128
002129
002130
002131
002132
002134
002138
002140
002141
002146
002150
002153
002154
002156
002158
002159
002160
002164
002166
002167
002171
002172
002173
002174
002177
002178
002181
002182
002186
002188
002189
002193
002195
002196
002198
002201
002202
002208
002210
002217
002218
002219
002220
002230
002232
002234
002235
002236
002238
002240
002248
002252
002254
002257
002263
002265
002269
002270
002271
002273
002274
002275
002277
002278
002281
002282
002285
002286
002287
002292
002294
002296
002297
002298
002300
002301
002303
002306
002307
002310
002311
002315
002317
002319
002323
002324
002325
002326
002328
002329
002330
002336
002340
002342
002345
002347
002349
002353
002359
002363
002365
002366
002371
002372
002373
002374
002377
002380
002384
002385
002386
002387
002388
002389
002390
002391
002393
002394
002396
002401
002402
002404
002407
002408
002409
002416
002417
002418
002419
002420
002422
002423
002428
002429
002431
002443
002444
002445
002447
002448
002449
002450
002452
002453
002454
002456
002457
002461
002465
002470
002471
002474
002476
002478
002480
002481
002482
002485
002486
002487
002489
002490
002492
002494
002496
002497
002500
002502
002503
002504
002505
002510
002511
002512
002513
002522
002523
002532
002533
002534
002536
002537
002540
002544
002545
002546
002548
002550
002552
002553
002554
002555
002557
002561
002564
002567
002568
002569
002571
002572
002574
002575
002576
002579
002582
002584
002585
002586
002587
002591
002593
002594
002596
002601
002603
002606
002608
002610
002612
002618
002624
002626
002627
002628
002629
002636
002637
002641
002644
002648
002651
002652
002654
002655
002659
002661
002664
002666
002667
002668
002669
002670
002671
002673
002674
002675
002676
002677
002681
002683
002684
002685
002686
002694
002696
002698
002700
002701
002702
002708
002712
002716
002719
002722
002723
002727
002729
002730
002732
002733
002735
002738
002741
002742
002745
002752
002759
002760
002762
002763
002764
002765
002766
002768
002770
002771
002772
002774
002775
002776
002778
002780
002781
002782
002785
002789
002794
002797
002798
002802
002804
002805
002807
002808
002809
002810
002813
002814
002815
002816
002817
002818
002819
002820
002823
002825
002826
002827
002831
002833
002834
002840
002843
002845
002847
002848
002850
002852
002854
002856
002857
002858
002861
002862
002863
002865
002874
002877
002880
002882
002884
002885
002886
002887
002890
002892
002893
002894
002896
002898
002904
002905
002910
002911
002912
002914
002917
002918
002919
002922
002925
002928
002929
002931
002935
002937
002939
002940
002941
002943
002945
002946
002949
002951
002952
002957
002958
002959
002961
002963
002965
002966
002969
002971
002972
002977
002978
002981
002984
002985
002986
002987
002988
002990
002998
003005
003006
003007
003009
003013
003016
003018
003019
003022
003023
003028
003030
003031
003032
003033
003034
003035
003036
003037
003039
003042
003044
003045
003046
003047
003048
003053
003054
003055
003060
003062
003064
003065
003067
003068
003071
003072
003073
003076
003078
003079
003080
003083
003085
003086
003088
003089
003090
003092
003093
003096
003101
003102
003103
003104
003105
003106
003108
003109
003112
003113
003114
003121
003126
003127
003128
003130
003132
003133
003134
003135
003136
003138
003140
003145
003147
003149
003152
003154
003156
003160
003161
003162
003165
003166
003167
003168
003170
003171
003172
003175
003176
003177
003178
003179
003180
003182
003186
003188
003191
003193
003196
003197
003200
003204
003206
003207
003209
003211
003212
003214
003216
003217
003218
003220
003223
003229
003230
003231
003233
003234
003237
003240
003242
003243
003249
003252
003254
003256
003259
003260
003263
003264
003265
003270
003271
003274
003275
003279
003281
003282
003283
003287
003288
003290
003291
003292
003293
003297
003298
003299
003300
003302
003305
003306
003307
003312
003314
003316
003318
003320
003321
003322
003324
003326
003327
003328
003329
003331
003333
003335
003336
003337
003338
003341
003345
003347
003348
003352
003353
003357
003360
003361
003363
003365
003367
003368
003369
003371
003374
003375
003376
003377
003380
003382
003384
003386
003388
003389
003391
003393
003395
003396
003397
003399
003403
003404
003405
003408
003409
003412
003413
003415
003416
003417
003421
003422
003424
003427
003430
003431
003433
003434
003437
003438
003441
003442
003449
003451
003455
003456
003459
003461
003463
003464
003465
003466
003469
003470
003471
003472
003474
003476
003478
003479
003483
003484
003489
003491
003493
003495
003496
003497
003501
003502
003505
003506
003509
003510
003512
003513
003514
003515
003517
003520
003521
003525
003527
003529
003531
003533
003535
003538
003539
003544
003547
003549
003551
003552
003554
003557
003558
003560
003561
003562
003568
003572
003575
003576
003580
003581
003583
003586
003587
003588
003589
003590
003594
003595
003596
003597
003598
003599
003600
003606
003609
003616
003617
003619
003620
003621
003622
003624
003625
003629
003630
003631
003632
003633
003634
003635
003638
003642
003643
003646
003647
003648
003649
003650
003655
003657
003661
003664
003669
003670
003672
003674
003675
003676
003679
003681
003682
003684
003687
003688
003689
003692
003695
003696
003704
003705
003711
003712
003715
003716
003717
003721
003725
003731
003732
003733
003737
003738
003742
003747
003748
003751
003753
003755
003756
003759
003760
003763
003767
003768
003769
003773
003775
003776
003777
003779
003781
003782
003785
003789
003790
003791
003792
003795
003799
003801
003804
003805
003807
003808
003811
003813
003814
003817
003818
003820
003822
003828
003831
003832
003834
003835
003836
003839
003843
003845
003847
003851
003852
003854
003861
003862
003863
003864
003865
003870
003874
003882
003888
003890
003894
003895
003897
003898
003899
003900
003901
003904
003909
003911
003912
003913
003915
003916
003919
003920
003921
003924
003926
003927
003929
003930
003935
003937
003938
003940
003942
003943
003944
003951
003953
003955
003958
003960
003961
003962
003963
003964
003965
003967
003970
003973
003974
003975
003976
003977
003979
003981
003984
003985
003989
003990
003992
003993
003997
004000
004002
004004
004008
004009
004011
004012
004013
004015
004016
004018
004025
004030
004032
004033
004034
004035
004043
004044
004047
004048
004051
004060
004061
004062
004066
004074
004077
004078
004081
004084
004085
004087
004089
004092
004100
004101
004102
004104
004105
004111
004114
004116
004119
004122
004126
004133
004136
004138
004139
004148
004157
004158
004160
004161
004163
004165
004169
004170
004172
004173
004178
004185
004187
004188
004191
004198
004200
004201
004202
004203
004208
004209
004210
004211
004213
004214
004216
004218
004219
004222
004224
004226
004228
004230
004235
004236
004237
004239
004240
004241
004243
004244
004248
004254
004259
004260
004262
004267
004268
004274
004282
004284
004288
004289
004290
004291
004293
004294
004297
004299
004304
004305
004311
004312
004316
004324
004325
004326
004328
004331
004334
004337
004340
004341
004343
004347
004348
004352
004353
004358
004361
004362
004368
004376
004378
004379
004380
004381
004383
004394
004395
004399
004401
004402
004403
004406
004410
004412
004414
004415
004418
004419
004421
004426
004430
004431
004432
004433
004437
004438
004440
004441
004445
004452
004453
004456
004458
004459
004462
004469
004472
004477
004480
004482
004487
004488
004490
004491
004492
004496
004497
004501
004511
004515
004516
004517
004521
004522
004523
004525
004527
004529
004536
004539
004547
004549
004551
004552
004556
004557
004559
004560
004562
004563
004566
