000003
000004
000006
000007
000009
000011
000012
000015
000018
000019
000030
000032
000038
000040
000041
000044
000045
000046
000047
000050
000052
000053
000055
000059
000060
000069
000071
000075
000076
000078
000080
000082
000083
000084
000088
000089
000091
000092
000094
000095
000104
000109
000111
000113
000118
000121
000129
000138
000140
000141
000142
000144
000145
000146
000149
000151
000152
000153
000156
000157
000158
000161
000163
000174
000176
000179
000184
000187
000188
000189
000190
000194
000195
000196
000199
000205
000207
000215
000218
000223
000229
000231
000232
000234
000235
000238
000241
000242
000256
000257
000258
000261
000268
000270
000271
000275
000280
000282
000283
000284
000285
000287
000288
000289
000292
000297
000304
000309
000310
000311
000314
000315
000319
000323
000329
000337
000338
000344
000345
000348
000367
000368
000372
000374
000377
000378
000380
000383
000387
000389
000390
000397
000398
000402
000406
000407
000411
000413
000415
000416
000417
000422
000426
000428
000430
000437
000440
000447
000453
000454
000459
000460
000463
000465
000467
000472
000474
000484
000490
000507
000517
000525
000526
000539
000542
000546
000554
000558
000559
000560
000563
000567
000568
000571
000572
000574
000577
000578
000585
000588
000592
000593
000600
000607
000610
000616
000620
000637
000639
000643
000648
000649
000650
000653
000656
000658
000659
000661
000666
000669
000675
000676
000679
000700
000701
000702
000705
000711
000712
000714
000718
000719
000722
000730
000740
000743
000746
000748
000754
000758
000759
000766
000772
000774
000775
000776
000780
000783
000785
000786
000792
000794
000795
000797
000798
000802
000805
000807
000808
000811
000812
000813
000814
000815
000817
000818
000819
000820
000822
000823
000824
000826
000829
000832
000834
000836
000837
000839
000843
000848
000850
000851
000856
000860
000862
000863
000864
000865
000866
000868
000869
000884
000888
000890
000891
000892
000893
000896
000897
000898
000902
000904
000908
000909
000912
000913
000915
000917
000922
000923
000924
000928
000930
000933
000936
000939
000940
000941
000947
000950
000951
000952
000954
000955
000957
000960
000961
000966
000969
000971
000972
000974
000975
000978
000980
000981
000982
000983
000984
000986
000988
000989
000990
000991
000993
000996
000999
001000
001002
001008
001010
001011
001014
001020
001028
001029
001030
001032
001033
001034
001044
001045
001046
001047
001048
001052
001055
001056
001058
001060
001062
001064
001065
001072
001075
001078
001079
001081
001082
001086
001087
001092
001096
001097
001098
001100
001101
001103
001106
001107
001108
001109
001111
001112
001113
001115
001118
001123
001126
001128
001134
001136
001139
001143
001145
001149
001151
001156
001166
001167
001170
001172
001173
001176
001178
001181
001182
001189
001191
001193
001196
001200
001207
001208
001210
001211
001215
001218
001227
001230
001233
001234
001236
001239
001240
001241
001242
001243
001246
001249
001250
001251
001254
001256
001257
001260
001262
001264
001266
001267
001272
001274
001279
001281
001283
001284
001287
001290
001295
001301
001305
001306
001307
001309
001310
001313
001321
001324
001325
001329
001332
001334
001336
001338
001339
001342
001345
001351
001352
001354
001356
001357
001360
001361
001362
001364
001367
001370
001372
001374
001384
001386
001388
001389
001390
001396
001398
001399
001400
001401
001402
001404
001405
001407
001409
001412
001413
001414
001415
001416
001417
001420
001422
001423
001424
001425
001428
001430
001432
001433
001434
001436
001438
001440
001442
001444
001449
001450
001452
001454
001455
001460
001461
001462
001463
001469
001474
001476
001481
001482
001488
001500
001502
001511
001513
001516
001518
001522
001524
001525
001526
001531
001535
001536
001541
001542
001545
001546
001547
001550
001552
001553
001555
001557
001559
001563
001564
001567
001568
001570
001572
001573
001575
001576
001578
001582
001583
001584
001586
001589
001590
001591
001596
001597
001600
001605
001608
001609
001610
001612
001613
001615
001616
001617
001623
001624
001625
001628
001630
001632
001633
001635
001641
001642
001647
001648
001654
001656
001658
001662
001663
001665
001666
001667
001670
001672
001673
001675
001678
001679
001681
001683
001690
001692
001695
001703
001707
001708
001711
001714
001717
001720
001722
001727
001729
001730
001731
001732
001733
001735
001737
001738
001739
001741
001742
001743
001744
001745
001747
001750
001752
001753
001757
001758
001763
001764
001765
001766
001767
001769
001772
001773
001776
001778
001781
001782
001784
001788
001790
001798
001799
001805
001809
001811
001814
001818
001819
001820
001824
001826
001831
001832
001833
001836
001837
001838
001841
001844
001845
001846
001847
001849
001851
001858
001859
001860
001862
001863
001866
001867
001868
001869
001870
001872
001874
001876
001878
001886
001887
001888
001890
001893
001896
001897
001898
001909
001915
001918
001920
001921
001922
001923
001924
001925
001928
001934
001935
001937
001939
001941
001944
001945
001948
001950
001953
001954
001955
001956
001965
001968
001969
001970
001972
001978
001980
001981
001982
001983
001986
001987
001989
001991
001992
001995
001997
002002
002005
002006
002010
002011
002013
002018
002019
002020
002021
002023
002025
002026
002028
002029
002031
002032
002033
002036
002037
002039
002041
002042
002045
002046
002047
002048
002049
002051
002054
002055
002056
002057
002064
002067
002070
002071
002073
002084
002088
002089
002091
002093
002096
002099
002102
002103
002104
002107
002108
002110
002112
002113
002114
002115
002117
002120
002121
002122
002123
002124
002125
002127
002133
002136
002137
002139
002141
002144
002145
002147
002148
002149
002151
002152
002156
002157
002161
002162
002163
002165
002167
002168
002169
002170
002173
002175
002176
002179
002180
002183
002185
002186
002187
002189
002190
002191
002193
002197
002199
002200
002203
002204
002205
002206
002207
002211
002212
002213
002214
002215
002217
002219
002223
002224
002225
002226
002227
002228
002236
002239
002242
002243
002245
002246
002249
002253
002258
002259
002261
002264
002267
002272
002274
002276
002279
002280
002283
002287
002289
002290
002291
002295
002297
002299
002303
002304
002305
002306
002308
002309
002311
002312
002314
002318
002321
002322
002326
002327
002331
002332
002333
002334
002337
002339
002343
002344
002350
002351
002353
002354
002355
002358
002360
002361
002362
002367
002368
002370
002373
002376
002377
002378
002379
002380
002381
002382
002383
002388
002392
002393
002397
002398
002399
002400
002404
002405
002406
002407
002410
002411
002414
002415
002416
002418
002419
002422
002424
002425
002426
002430
002431
002432
002434
002435
002436
002437
002438
002439
002448
002449
002451
002455
002458
002459
002460
002461
002462
002466
002468
002469
002472
002473
002476
002482
002488
002491
002493
002495
002498
002506
002507
002516
002517
002518
002519
002520
002524
002526
002527
002528
002529
002530
002531
002535
002537
002539
002541
002544
002545
002547
002549
002551
002556
002557
002560
002563
002565
002566
002576
002578
002579
002580
002584
002585
002588
002589
002590
002591
002592
002595
002597
002598
002599
002600
002602
002603
002604
002606
002607
002609
002613
002615
002617
002620
002622
002625
002630
002635
002637
002638
002639
002643
002645
002647
002649
002650
002658
002659
002662
002665
002666
002668
002670
002672
002674
002677
002679
002682
002684
002685
002687
002694
002695
002698
002700
002702
002703
002704
002705
002710
002711
002713
002714
002715
002717
002718
002720
002721
002724
002725
002726
002733
002736
002739
002743
002746
002747
002748
002749
002750
002751
002752
002753
002754
002756
002761
002767
002768
002769
002773
002776
002777
002778
002779
002780
002783
002787
002788
002790
002793
002795
002796
002799
002801
002802
002806
002811
002812
002815
002816
002819
002822
002823
002824
002825
002826
002830
002832
002835
002836
002840
002842
002843
002845
002846
002849
002850
002851
002852
002859
002866
002869
002870
002871
002872
002877
002879
002883
002888
002889
002892
002895
002898
002899
002901
002902
002903
002905
002906
002907
002908
002913
002916
002921
002922
002924
002926
002930
002932
002933
002934
002937
002942
002943
002944
002948
002952
002955
002956
002961
002963
002964
002967
002970
002971
002973
002974
002975
002980
002983
002986
002989
002993
002995
002996
002999
003000
003001
003002
003003
003004
003008
003010
003011
003013
003014
003015
003017
003020
003022
003024
003026
003027
003029
003037
003038
003043
003049
003051
003055
003057
003058
003063
003066
003071
003075
003077
003083
003086
003087
003091
003094
003095
003097
003100
003102
003107
003110
003111
003115
003117
003119
003120
003121
003122
003123
003124
003126
003129
003137
003138
003141
003142
003145
003151
003155
003157
003158
003163
003164
003168
003169
003173
003181
003182
003183
003185
003187
003190
003192
003194
003197
003198
003201
003202
003203
003204
003205
003207
003208
003210
003211
003221
003222
003225
003226
003227
003229
003232
003233
003234
003235
003236
003238
003241
003243
003248
003253
003255
003257
003258
003261
003268
003269
003277
003278
003280
003281
003283
003284
003285
003289
003296
003299
003303
003305
003309
003311
003313
003315
003317
003319
003321
003323
003324
003325
003332
003334
003339
003340
003342
003343
003344
003346
003349
003350
003353
003354
003355
003356
003362
003366
003367
003368
003373
003374
003376
003378
003379
003381
003383
003386
003387
003388
003390
003392
003394
003396
003398
003400
003401
003402
003407
003408
003411
003413
003414
003415
003416
003423
003428
003431
003432
003436
003438
003439
003444
003445
003447
003448
003450
003451
003452
003453
003454
003457
003458
003463
003467
003468
003472
003473
003475
003476
003477
003480
003482
003485
003486
003490
003492
003494
003497
003499
003500
003504
003506
003507
003508
003510
003514
003516
003518
003522
003523
003528
003529
003530
003533
003534
003536
003537
003540
003548
003551
003556
003557
003558
003563
003564
003566
003567
003571
003573
003575
003577
003578
003582
003585
003589
003591
003592
003597
003603
003604
003607
003608
003612
003614
003617
003619
003622
003623
003628
003632
003633
003636
003639
003640
003642
003645
003651
003652
003654
003656
003658
003660
003662
003663
003665
003666
003668
003669
003671
003672
003673
003677
003678
003680
003683
003685
003686
003691
003697
003698
003701
003706
003707
003710
003713
003714
003718
003719
003720
003722
003724
003725
003727
003734
003735
003741
003743
003745
003748
003749
003750
003751
003752
003754
003756
003757
003758
003762
003765
003766
003767
003770
003771
003772
003774
003776
003777
003779
003780
003782
003783
003784
003786
003787
003788
003793
003794
003797
003803
003804
003806
003808
003809
003810
003815
003816
003817
003819
003821
003823
003825
003826
003829
003830
003831
003832
003833
003836
003837
003838
003840
003842
003844
003848
003850
003851
003853
003857
003858
003859
003865
003867
003868
003869
003871
003872
003873
003875
003877
003878
003879
003880
003881
003883
003884
003886
003887
003890
003891
003893
003900
003905
003906
003907
003908
003909
003910
003917
003918
003920
003922
003923
003924
003925
003928
003931
003932
003934
003936
003939
003941
003945
003947
003950
003952
003954
003956
003957
003968
003971
003972
003980
003982
003983
003986
003988
003991
003994
003995
003996
003997
004001
004003
004004
004005
004006
004009
004010
004017
004019
004020
004021
004022
004024
004026
004027
004028
004031
004034
004036
004037
004038
004039
004040
004042
004043
004046
004048
004051
004053
004056
004058
004059
004063
004064
004065
004067
004068
004072
004073
004074
004075
004076
004080
004083
004085
004086
004088
004089
004090
004091
004093
004095
004096
004097
004098
004099
004106
004107
004108
004109
004111
004112
004113
004115
004117
004118
004119
004120
004121
004124
004127
004129
004130
004131
004134
004135
004137
004138
004140
004141
004144
004145
004147
004149
004152
004154
004155
004156
004158
004159
004164
004166
004167
004171
004173
004174
004175
004176
004178
004179
004183
004184
004186
004187
004190
004192
004193
004194
004195
004196
004199
004200
004204
004205
004206
004210
004212
004214
004215
004217
004220
004221
004223
004225
004226
004227
004228
004231
004232
004233
004234
004242
004243
004244
004249
004250
004251
004252
004253
004254
004255
004256
004258
004263
004264
004265
004268
004269
004270
004271
004272
004273
004274
004277
004278
004281
004282
004283
004285
004287
004291
004292
004299
004300
004302
004309
004314
004315
004318
004319
004320
004322
004327
004329
004332
004333
004335
004336
004338
004339
004342
004345
004346
004350
004354
004355
004356
004359
004360
004363
004364
004366
004367
004369
004370
004372
004373
004380
004381
004382
004383
004384
004385
004386
004387
004388
004389
004392
004393
004396
004397
004398
004404
004405
004407
004416
004417
004420
004421
004422
004423
004424
004427
004428
004429
004434
004435
004436
004439
004441
004442
004443
004444
004447
004448
004450
004451
004455
004460
004461
004462
004463
004464
004465
004468
004473
004474
004476
004478
004479
004480
004481
004483
004485
004490
004492
004493
004496
004499
004500
004502
004504
004505
004506
004507
004509
004512
004516
004517
004518
004519
004520
004524
004525
004528
004530
004531
004533
004537
004538
004544
004546
004550
004551
004553
004563
004564
004565
