000268
000269
000270
000271
000272
000273
000274
000275
000276
000277
000278
000279
000280
000281
000282
000283
000284
000285
000286
000287
000288
000289
000290
000291
000292
000293
000294
000295
000296
000297
000298
000299
000300
000301
000302
000303
000304
000305
000306
000307
000308
000309
000310
000311
000312
000313
000314
000315
000316
000317
000318
000319
000320
000321
000322
000323
000324
000325
000326
000327
000328
000329
000330
000331
000332
000333
000334
000335
000336
000337
000338
000339
000340
000341
000342
000343
000344
000345
000346
000347
000348
000349
000350
000351
000352
000353
000354
000355
000356
000357
000358
000359
000360
000361
000362
000363
000364
000365
000366
000367
000368
000369
000370
000371
000372
000373
000374
000375
000376
000377
000378
000379
000380
000381
000382
000383
000384
000385
000386
000387
000388
000389
000390
000391
000392
000393
000394
000395
000396
000397
000398
000399
000400
000401
000402
000403
000404
000405
000406
000407
000408
000409
000410
000411
000412
000413
000414
000415
000416
000417
000418
000419
000420
000421
000422
000423
000424
000425
000426
000427
000428
000429
000430
000431
000432
000433
000434
000435
000436
000437
000438
000439
000440
000441
000442
000443
000444
000445
000446
000447
000448
000449
000450
000451
000452
000453
000454
000455
000456
000457
000458
000459
000460
000461
000462
000463
000464
000465
000466
000467
000468
000469
000470
000471
000472
000473
001349
001350
001351
001352
001353
001354
001355
001356
001357
001358
001359
001360
001361
001362
001363
001364
001365
001366
001367
001368
001369
001370
001371
001372
001373
001374
001375
001376
001377
001378
001379
001380
001381
001382
001383
001384
001385
001386
001387
001388
001389
001390
001391
001392
001393
001394
001395
001396
001397
001398
001399
001400
001401
001402
001403
001404
001405
001406
001407
001408
001409
001410
001411
001412
001413
001414
001415
001416
001417
001418
001419
001420
001421
001422
001423
001424
001425
001426
001427
001428
001429
001430
001431
001432
001648
001649
001650
001651
001652
001653
001654
001655
001656
001657
001658
001659
001660
001661
001662
001663
001664
001665
001666
001667
001668
001669
001670
001671
001672
001673
001674
001675
001676
001677
001678
001679
001680
001681
001682
001683
001684
001685
001686
001687
001688
001689
001690
001691
001692
001693
001694
001695
001696
001697
001698
001699
001700
001701
001702
001703
001704
001705
001706
001707
001708
001709
001710
001711
001712
001713
001714
001715
001716
001717
001718
001719
001720
001721
001722
001723
001724
001725
001726
001727
001728
001729
001730
001731
001732
001733
001734
001735
001736
001737
001738
001739
001740
001741
001742
001743
001744
001745
001746
001747
001748
001749
001750
003434
003677
003330
002810
002654
002541
000501
001222
003546
002060
003485
002116
002812
003237
003196
003625
002054
002531
000945
002483
004152
003495
003970
002302
002662
003944
003386
001254
002214
003967
002107
003263
003071
002165
001305
003491
002739
001879
003276
002653
003013
000985
003243
001249
001870
003799
001193
001066
002308
002778
000916
003155
000225
003674
004018
002751
001858
001480
002652
002697
000195
000796
002380
000966
003798
001532
003701
001446
003018
001937
002933
000831
001253
002782
000120
001896
002491
002535
002328
001576
002804
000740
003458
002406
000756
002768
003640
000923
000019
002946
002875
001633
002656
003851
000885
002211
003509
003631
002471
001940
000021
001107
004117
003882
001057
002455
000193
000599
003131
000859
002207
001102
000614
000613
000566
000856
003292
002547
003533
001547
001026
002218
001998
002722
001960
003580
002521
001830
001826
000767
001582
002577
004080
003144
001571
002036
002410
001126
003065
003686
003012
002189
003738
000103
001088
002870
001488
001105
000716
000090
002550
000743
002317
003928
002520
002374
003831
000666
002534
002988
001438
001450
001976
001312
002827
002247
002363
003001
000261
001058
003233
002011
003426
000006
001302
001614
001820
003225
004037
001076
000235
002275
001052
003857
001231
000099
003989
001827
003854
000693
003795
003400
002132
001918
002496
000992
000707
002359
001442
003043
003601
002033
002885
001115
003840
002762
002400
003036
002944
002137
000572
003286
002690
000629
003898
002850
000891
002859
002428
000053
000781
002369
000709
001874
002677
003750
002190
001172
004096
001306
002927
004207
002420
000621
002258
001443
000655
004093
001591
003064
003206
003983
003636
002642
000881
001005
003041
002480
000971
002117
001208
002868
002244
001278
003794
001915
003141
002199
000483
003939
000253
002201
000815
000185
000803
002437
004021
004031
001051
001617
001145
000048
003320
002269
001277
000177
001218
004030
001279
002339
002470
002592
002489
001895
000244
001533
002482
004065
000938
004045
003347
003588
002442
000066
000962
002501
002081
003006
003258
001056
002351
002378
001133
004106
002293
001111
000239
000632
000018
004149
004090
000926
004218
002811
002800
003338
002727
002260
002864
004217
004008
002511
002282
000519
002103
002937
003409
000659
000127
002112
001466
002545
001341
000040
002553
002264
003220
003050
004198
002890
003599
004087
000227
002857
003478
004314
003642
002959
003661
002318
003700
001542
003074
002906
002134
004141
003445
003341
000745
003105
001554
003949
000502
002396
002612
003879
000025
001242
002425
002719
001136
000765
003288
002613
004167
002569
002707
001199
003259
001593
003180
001041
003035
003993
000245
000182
001046
001961
003540
003488
002560
000786
002796
003785
000752
002078
002074
000723
003699
001241
001905
002986
000075
001505
001887
002805
000546
004059
000581
001131
002038
003555
002912
001970
003517
001317
000187
000141
000874
001876
003143
000207
003349
003755
002007
002987
003473
004001
004307
000091
001852
003867
004070
001938
000136
002124
000766
004309
001991
002371
000602
003934
002315
003469
001211
002016
003927
002852
003793
001588
001188
003044
001916
003184
000808
003358
001943
003092
002106
003715
003841
003819
001452
000902
002172
002170
003730
001106
004337
000817
000489
002935
004194
001956
000556
000792
004312
001103
000513
002974
003171
003873
002385
003961
002726
000862
003848
000026
000032
003339
000095
002721
003447
002004
003110
002774
003436
000247
001134
003304
003342
001030
000159
004158
000094
002957
002614
003098
003394
003807
003890
001598
004333
002486
002289
000526
001495
002744
000829
000980
003505
004044
002350
000257
004171
001297
000114
002452
003369
000691
003806
003868
002561
002484
000680
003591
002576
000158
002263
001100
003303
003029
002300
002894
002913
000007
003023
001168
002540
001993
003941
003427
003317
002143
002332
001543
001033
003616
003864
001147
000219
002835
000915
003572
000921
002091
001954
000610
004310
003195
002809
002402
002307
003694
003932
001473
000102
003635
003887
001340
000991
001562
003656
002356
001220
001560
001325
004082
003859
003515
003073
001337
003246
002345
000101
002059
003904
001623
000910
003619
000046
002401
003550
003886
004011
002848
001891
003297
001957
000497
003982
001946
001828
003872
000492
003575
002826
000854
002046
002871
000216
000905
002390
000739
003957
001526
001299
003749
002115
003202
003862
002896
003370
003523
001460
004205
003585
002475
001326
002948
002280
000515
002279
002237
000934
004076
004120
002773
003097
001095
004091
003583
002567
002972
000799
003581
000699
002133
000491
003630
004318
003198
001129
000917
000683
001077
002844
003084
003238
003230
002733
003319
000714
001919
000982
003285
003849
002581
003712
000585
003682
002841
002409
002840
000578
003956
003777
000250
002790
002257
002422
002155
000186
001610
003953
002565
003672
002649
001596
000931
002680
002202
002524
000788
002277
000112
000608
003688
000793
001272
000493
000260
002028
004193
002703
003846
003538
001846
001567
001499
000956
003299
003170
003443
003681
001301
002096
003718
003652
001149
003541
003068
003965
003332
003094
002595
000922
003784
002552
000623
002996
000624
002234
003544
002088
004175
003671
001906
001256
003493
002641
003909
000878
003883
002418
000530
002499
000932
000553
002849
000029
000190
004123
002006
001300
002053
003735
002010
001197
003504
002479
003632
001245
001985
002373
002606
003571
000989
003315
002781
002888
002518
003456
003472
000252
003132
001345
000660
001549
001150
003811
001346
002795
003302
001577
000027
003218
002381
003781
002710
004174
003217
000944
002658
003916
000974
000705
002348
003996
000024
002186
000237
003187
000140
002445
004017
003878
001255
003600
000232
003524
002352
001244
000063
002161
002822
003875
002469
001047
002802
001234
001975
000791
000181
002321
002171
003729
001517
001288
001161
002485
003250
000121
000708
000737
002909
003363
003766
002322
002771
002229
001171
002175
002918
004300
003104
000070
002029
003945
001484
001959
000999
001463
003089
002900
000795
001605
002246
000017
004182
003620
000251
003695
002167
002657
003907
001537
000656
002394
003040
000837
001061
003962
004230
001235
001522
000758
002439
000060
000820
003200
002111
003249
003666
002316
001604
000973
003659
003611
004334
001087
002130
000080
001167
003776
003271
002009
004192
003653
003388
003678
003067
004229
000055
001878
000125
003833
002355
002924
002296
003903
002635
000514
004097
002984
001192
003834
003265
002645
000601
000544
002938
003748
001347
000552
000577
000475
001612
002049
001009
001258
002845
002297
000728
003768
004026
003975
002387
001637
000800
003508
000234
000964
001184
001936
003482
002384
003211
003357
003931
001817
003407
001072
000676
003190
000058
002836
004211
003398
000054
004131
002663
001059
001120
000226
002617
004332
001923
003449
003869
000521
003000
002159
002466
002092
004219
002991
000510
001027
000129
002644
000548
001464
003352
003651
003172
001119
004165
002062
000952
001829
003045
002220
002608
003937
003236
002043
002961
003759
002147
001060
003608
001138
002502
000223
003129
000218
002530
001618
001004
000087
003692
003535
003061
000592
000123
001029
003920
002855
003737
004330
003266
002971
003968
000911
002860
003823
003740
000579
001892
003406
000657
001044
003693
001951
002637
004125
003461
000963
003232
001018
002467
000717
003990
001888
000248
000538
001839
003818
003186
002624
002113
003958
003706
002446
002960
002564
002701
003814
002242
002714
002206
000052
002798
002223
002887
000537
003863
000684
002500
002779
001290
003395
001561
001183
004189
001881
003026
004015
004028
000986
000575
001079
003208
003389
000778
001868
002065
001511
000704
002668
002333
003361
002640
000105
000100
002969
000230
002125
002931
002250
003336
000560
003335
002966
001225
003414
000012
001902
000115
004121
003486
000233
003525
002743
000994
001581
000950
000876
004075
001595
001270
003563
002819
001901
003813
001073
002072
000082
003870
000833
002989
004144
003644
003123
002149
003534
003109
004166
000498
002313
001439
002731
000955
000164
002286
000628
002180
003543
000625
000968
000748
001207
002846
001321
000654
001143
002549
001572
002515
001455
002232
001885
001882
001311
000143
001825
001557
003360
002783
001310
003016
000882
004143
000071
001470
002182
002146
001475
000887
002270
003053
000678
003817
000867
000065
004201
001485
003112
003314
002745
000622
004190
002412
002681
001092
003751
001926
003457
000178
002766
002336
003334
002156
002997
000811
000939
003156
002021
004105
000925
000148
001556
002622
003049
003761
000609
003901
001854
002347
002433
003373
002421
002164
001917
002842
000480
003460
003836
000168
000877
003290
003746
000541
003626
002767
001156
002655
001453
001011
002398
000220
003767
001529
002353
000596
001498
003364
001818
002236
003413
001510
003313
002209
003639
000528
003607
000199
002715
000487
002341
002941
003010
001883
004020
002281
002304
001191
002591
003150
002494
003346
001283
002921
002671
002019
000569
002176
000520
000713
003142
002575
001104
001494
001822
000111
003152
003391
002675
001890
002694
001964
004208
003011
002968
002069
001223
000667
000583
002245
002590
002362
003526
000243
001592
002777
000591
001982
001530
001021
001523
003896
000953
003865
000972
004320
000850
004016
001910
000050
001534
001214
001269
001285
000742
003997
002463
002760
003988
000954
001483
001139
000988
003316
002705
003028
004308
001625
002151
004109
003556
003183
003383
002717
002893
000505
003971
001292
000864
003917
003564
004185
000987
000930
004137
004126
000722
002647
004306
002533
001514
002120
000573
003745
004052
002253
000907
003437
003412
001458
004311
001971
004127
002838
001900
002462
002183
003845
002616
000755
000481
001295
002866
000088
000173
003083
000155
002152
003713
002468
001639
000109
001336
002556
000134
003306
000735
000059
000525
003125
000600
000208
000238
003582
003670
001264
000787
001988
004163
001880
003977
003213
004022
002127
003139
004212
000484
001599
001114
003164
002366
001067
002197
002623
004049
001489
001519
003107
002067
003077
003612
002736
003088
001632
000801
002235
001840
000536
003124
003090
000240
003981
003162
001925
003802
000848
003455
003531
002330
002228
004147
002793
003351
001568
000700
003913
002594
003291
003624
003433
000780
002571
001541
001913
002879
001135
002682
003137
000531
000056
002196
002093
001174
003837
002417
000165
001116
002676
001069
003618
003985
003498
003451
001569
003756
000542
002041
003091
003549
002358
001502
002666
003039
003641
004088
004066
003146
001578
000920
002044
002813
000872
003796
000761
001486
002376
003547
001479
000061
003226
003560
003384
004122
000496
000674
003579
001553
001010
003902
002256
001644
004170
003828
002639
000812
003327
000641
003432
002273
003234
002729
001309
001080
000597
000634
002548
003239
002051
003566
003393
002833
001859
001459
001607
003536
000866
002980
000830
002290
000554
003553
004085
002700
003033
003038
002882
000559
003602
000517
003072
001958
001626
001963
001847
004203
002829
003760
004224
003853
003374
000175
000135
000665
003015
000730
003858
001257
000200
000658
004079
002746
004006
001001
000069
002037
000904
004043
000128
001944
002283
002688
000067
003520
003835
001899
004089
002002
002516
003908
001550
003860
003514
004154
003423
001515
002231
001516
002153
003874
001579
000618
002507
002419
003747
003269
001289
003888
000023
001118
003326
003808
002915
001528
000543
002291
003610
002587
001224
004322
001444
002294
001969
000839
003274
002251
000074
003829
001941
003216
002219
003176
002978
000051
004199
004012
000188
002415
004062
004108
002526
000653
000180
001031
002100
000113
000563
000485
003978
003376
003721
003646
003494
003741
001227
003329
000064
003116
001546
003289
000580
001889
002589
000942
001867
002939
000224
001490
002834
003665
003733
003402
003428
000983
003296
002217
002542
002843
002926
002254
003020
000488
003431
001121
003212
002278
004164
001987
004331
000035
000663
000122
002367
004317
000710
001210
001313
001094
002625
003942
002456
000645
001068
002131
003059
002334
000806
001491
001616
000896
000098
000682
001872
002562
000221
001054
004204
001583
002704
003210
003680
002098
000079
000133
003185
001267
001613
002510
002274
003188
001096
004177
001169
002287
003017
003007
002559
000586
003959
001574
000729
003082
003999
002233
001162
003222
000635
002508
001202
002032
001886
001932
003151
002441
002252
002361
001922
001016
002886
000137
003179
003248
003900
002276
002667
000873
002343
000845
003839
003728
002050
002786
000084
003009
001226
000620
002661
004055
002119
000229
002527
003974
000254
003287
000889
003669
002061
000477
001451
001063
000814
002903
001478
000036
003850
003838
003425
003201
000215
003496
003157
000826
003366
000603
002839
000147
003267
001911
002310
001160
004223
003207
000138
000914
003923
001048
001469
000652
000594
002734
004142
000638
003797
004179
003689
003278
004094
003014
001182
002803
004183
003177
003704
002426
003021
003558
002135
000615
001344
001037
003301
001108
002742
004051
003963
000936
001112
003899
003235
002013
001935
002449
002023
000500
002750
004032
002794
001962
000163
000499
001151
002911
003193
000211
000174
000824
001638
000149
003438
001920
004103
001075
001175
001291
000671
003847
002609
001904
001636
000998
001315
004002
002166
002383
000166
000222
002388
004111
000883
000194
003885
003779
003973
000117
000697
002243
002095
001035
003100
000617
001186
003133
003950
002225
002748
002579
002605
003889
002603
001239
001952
002434
000869
004326
000935
004114
001939
001157
003121
003215
002708
003476
004069
001978
002076
003324
001629
000838
003174
003030
001448
002758
000539
001634
003019
004228
002292
002789
000802
002914
004084
000984
000929
003792
002928
000570
003537
001144
001521
000744
003203
000685
003617
002932
001587
000978
001276
003881
003228
001122
000677
000822
000687
003270
003545
001600
003453
000605
004128
002611
003060
004102
000976
002788
003613
002314
000807
001287
002583
002646
001236
004010
003257
003307
004324
004086
004027
000495
002537
001921
000810
001243
002179
000152
003318
000616
002525
000844
003816
001844
003408
001020
001845
003333
003822
004048
003578
001457
001955
003387
002949
003594
000093
002329
003778
000076
001217
000567
000733
003769
001643
003711
002775
003708
003554
002925
000782
003260
001898
000171
003298
000529
001286
003397
002324
003724
002005
001973
002259
003231
003300
003005
002458
003093
000043
001093
002360
001580
001201
001948
003459
003521
003830
000689
001538
002495
003804
001240
003489
003789
003855
003685
002674
000865
003254
001164
003166
001461
002756
003375
003528
003490
002305
003003
001034
004035
003650
002427
002215
001500
002650
003589
002977
004073
001843
001908
001622
002699
001851
003055
003947
001062
003078
002227
004197
000255
002203
003377
000104
001912
001928
003623
002759
004220
001251
003096
002262
002754
004319
001544
000606
000015
001078
003964
001000
000753
003134
002320
002240
001177
000151
004196
000212
003805
002752
000783
003056
001091
003629
002498
000511
001296
003995
000039
003800
002056
003772
003261
002799
002764
003980
003497
000768
000776
001860
003763
000669
000508
002493
001476
002457
001250
001265
002686
004210
001178
000643
001013
000924
003368
000959
001342
001212
003371
003223
001942
002580
003037
002519
002761
003697
001247
003470
004214
002854
003891
001646
002162
003991
001170
002326
003609
004172
003969
002405
001997
002382
002586
000619
002255
004107
001274
002042
001848
002105
001524
000524
000557
000724
000644
002438
001089
001293
004019
003774
002145
002118
002901
003603
000675
002128
001853
001893
002572
000940
001155
003906
000116
001163
000004
002035
004156
001284
000562
000031
002955
003161
003046
000184
001504
004202
000002
002596
003614
001884
001007
003282
002999
001979
002881
000702
003204
001109
002136
003703
003070
000819
002818
003355
001322
003877
002573
000941
001842
003587
003935
000020
000183
002784
002828
001338
003450
003076
000751
004173
002638
002732
002536
001304
002210
004304
002464
004232
000205
004305
000886
001536
001945
002018
003690
003675
003502
001015
002563
004222
001002
004215
000236
002902
000558
002711
003542
000919
001259
003663
002558
002685
000267
003628
004024
003136
003227
000590
002191
000170
000688
002947
001931
003648
002735
002064
001261
000863
003918
003994
003684
001497
000997
001307
004335
003574
001328
004315
003325
003448
002679
003787
000068
001086
001153
003723
004134
001594
000265
000003
001903
001934
000214
003938
000167
001294
003140
003253
000858
001924
003115
003255
002601
000681
001468
000784
002627
002391
002532
003080
001606
000206
000750
001334
003821
000476
004200
003163
001875
000774
004098
004071
001914
000888
003522
001509
002691
003714
002600
000855
001608
001141
002000
000732
000779
003280
002448
000005
000516
002129
003770
000897
001501
004054
001994
002815
002025
003130
002825
002104
002599
001552
000584
002967
001195
001194
000262
000813
003031
001132
001855
000096
003399
000547
000535
003633
000009
000576
002451
001124
003022
002392
001252
002299
002982
003340
001570
002522
002309
002040
001152
002465
000092
003658
000990
001624
003106
001986
000789
003720
003739
002372
000961
003224
004184
001527
001232
004313
003576
000967
003381
002086
003418
003380
000832
003952
002636
001564
000081
004038
001320
003410
002141
000249
001268
000507
000037
002551
001024
000721
003592
001835
002684
002670
003487
000860
002634
004195
002139
003034
002337
003378
002856
000016
004047
001513
002298
002174
001437
001507
001999
001471
000918
003240
002780
004124
000818
003032
002648
001180
000771
001185
001974
003468
003367
000759
003054
003066
000266
002114
003454
001894
000593
002869
002268
002821
002476
003114
003960
002951
003308
003500
003516
000010
000712
002892
001435
002919
002393
002725
001237
002477
002539
002598
001850
000900
003169
004209
000162
001263
002584
004092
002512
002184
003362
003474
002312
002753
003940
000695
000836
000073
002544
002905
001319
002177
004077
003293
000013
002181
002660
001125
003568
003403
004009
002157
002031
004323
002958
001260
003252
004014
001447
000828
003149
003976
001863
000995
001040
004118
001589
001113
001273
004168
003405
000011
004025
004099
000734
001531
001154
003205
002689
001824
001146
000161
002077
000217
004081
003844
001984
003122
001039
003095
003192
002094
001229
002713
003058
004112
002284
003876
001834
001019
001099
001176
001343
002178
000823
003866
000981
001601
003510
002411
000545
003914
000996
000627
000189
002440
000153
001246
003051
001503
002222
000568
003462
002375
003637
002364
002198
004226
000512
003002
000532
000946
002070
000846
000892
002884
003214
002503
003673
003008
000827
003168
000146
002651
004046
000975
004148
002897
003348
002917
003087
003725
000124
000853
000821
003439
003709
002837
002683
002847
002017
004064
001953
002097
002712
004113
002976
002628
002823
003895
003933
003463
002089
000757
003416
002588
003532
004004
003312
001117
004176
002952
003512
000970
002158
001619
003262
002003
002973
003513
003197
000948
003467
003283
002034
003584
003824
003919
000639
000692
003350
002413
003331
003621
003948
003138
002226
003753
002610
002144
004162
002150
002853
003577
003530
001512
001003
003638
002126
002585
003441
001545
002615
000762
001539
003518
001642
002377
002481
001266
004336
002929
001966
002757
003734
002985
003604
003809
004135
000797
001836
002108
003421
003590
003764
000192
000754
000840
004139
001508
003955
003499
004029
000242
001558
000479
002301
003245
004067
001140
001525
003477
003242
002792
001992
002816
002943
001609
004191
000179
000913
000169
000979
001181
004034
002716
002194
004056
003825
001929
002039
002954
003465
002950
003025
002327
002895
001233
001838
000555
000650
003027
002620
003702
000895
003135
000086
003086
001084
000696
003175
002068
000246
002221
003842
000785
000804
000486
002765
003241
002052
002386
000008
003247
000646
003069
004157
003826
003354
002878
000150
001493
001823
001518
003660
001630
000139
003946
002504
001275
001165
000028
003062
003771
004041
000906
004005
003606
000770
003565
000893
002487
004231
002920
002080
002001
000662
001230
000108
002102
002770
003710
000777
000631
002027
003085
004042
004100
001081
003667
002368
004053
001565
003323
002669
000637
002593
001487
000852
003717
003079
002154
001204
003861
003561
000089
002323
000909
001074
002698
004063
002538
002806
002058
002303
002450
002325
001083
001990
001064
002423
002673
001318
002568
003422
002087
002331
003765
003803
001238
003596
002509
001281
003119
001647
001477
003113
003379
004110
004061
000927
001949
004036
003529
003662
000901
000197
003294
002090
003557
002306
003475
002626
003696
004013
002678
003698
000861
004206
001148
000977
004329
002740
001590
000937
002578
002557
001022
000879
003649
003148
003924
003716
003744
001123
004060
001586
003479
002963
001995
001520
004213
003159
002889
001028
002204
003726
000633
000825
002057
000540
002566
003783
002873
002523
003786
000201
002395
002436
002082
002862
002962
002288
001339
004301
004078
000773
000506
004145
002230
003404
000612
003551
002357
003256
003843
003075
002205
002140
004180
000870
000264
003279
004138
003390
003731
004327
003382
003343
000259
002692
001465
001042
000587
003365
001348
002554
002797
002099
001864
002791
000626
003954
003081
001933
002403
000210
000213
001324
002168
003897
002907
001449
002344
002817
001110
002404
002994
001159
003452
000947
002335
004116
002265
000851
001566
000903
000668
000490
003654
001977
000957
002741
001215
002831
002993
002447
000760
003063
003311
001947
000022
002513
003679
002492
002148
000045
003707
002024
003396
003634
002342
002723
004115
002389
003419
003101
002979
002832
000664
004140
002923
000661
001555
003664
001837
000711
003832
001967
001158
000805
003643
004151
001433
003894
003484
002473
003856
002720
002497
004104
000534
004050
000209
001602
003788
001205
003251
000598
001097
002602
000196
001456
004186
000764
004023
000522
001331
001219
003359
004119
003481
001575
002443
002122
003687
001869
001849
000720
003356
002728
001017
003998
003492
003586
000794
002408
003548
003147
004136
000673
001909
001645
004058
003483
003519
002618
001441
001819
002824
002055
001098
000868
002964
000604
000582
002012
003154
000160
001627
004039
002461
001327
003645
002965
001023
000518
001496
000790
003153
000686
003165
002696
003209
001216
001012
000503
003893
001329
002435
001981
003892
003605
000843
002922
000588
000191
003743
002695
001436
002431
000640
002664
000156
002121
002239
003922
000589
002630
000256
000835
000969
000132
003277
000494
000951
003273
001036
001551
003691
002066
000857
002026
001573
001440
000928
000880
003182
003047
000841
000176
003464
002271
002702
002295
002075
001189
003057
000231
002632
001983
003328
002738
004130
000670
000145
002169
000834
001585
002416
002101
002020
002619
004155
003754
002478
003295
001563
003871
004338
004339
004340
004341
004342
004343
004344
004345
004346
004347
004348
004349
004350
004351
004352
004353
004354
004355
004356
004357
004358
004359
004360
004361
004362
004363
004364
004365
004366
004367
004368
004369
004370
004371
004372
004373
004374
004375
004376
004377
004378
004379
004380
004381
004382
004383
004384
004385
004386
004387
004388
004389
004390
004391
004392
004393
004394
004395
004233
004234
004235
004236
004237
004238
004239
004240
004241
004242
004243
004244
004245
004246
004247
004248
004249
004250
004251
004252
004253
004254
004255
004256
004257
004258
004259
004260
004261
004262
004263
004264
004265
004266
004267
004268
004269
004270
004271
004272
004273
004274
004275
004276
004277
004278
004279
004280
004281
004282
004283
004284
004285
004286
004287
004288
004289
